0.01,0.01,4000,40.0,ErdosRenyi,0.03,1,0
0.01,0.01,4000,40.0,ErdosRenyi,0.05,1,1
0.01,0.01,4000,40.0,ErdosRenyi,0.1,1,2
0.01,0.01,4000,40.0,ErdosRenyi,0.25,1,3
0.01,0.01,4000,40.0,Regular,0.03,1,4
0.01,0.01,4000,40.0,Regular,0.05,1,5
0.01,0.01,4000,40.0,Regular,0.1,1,6
0.01,0.01,4000,40.0,Regular,0.25,1,7
0.01,0.01,4000,10000.0,ErdosRenyi,0.03,1,8
0.01,0.01,4000,10000.0,ErdosRenyi,0.05,1,9
0.01,0.01,4000,10000.0,ErdosRenyi,0.1,1,10
0.01,0.01,4000,10000.0,ErdosRenyi,0.25,1,11
0.01,0.01,4000,10000.0,Regular,0.03,1,12
0.01,0.01,4000,10000.0,Regular,0.05,1,13
0.01,0.01,4000,10000.0,Regular,0.1,1,14
0.01,0.01,4000,10000.0,Regular,0.25,1,15
0.01,0.001,4000,40.0,ErdosRenyi,0.03,1,16
0.01,0.001,4000,40.0,ErdosRenyi,0.05,1,17
0.01,0.001,4000,40.0,ErdosRenyi,0.1,1,18
0.01,0.001,4000,40.0,ErdosRenyi,0.25,1,19
0.01,0.001,4000,40.0,Regular,0.03,1,20
0.01,0.001,4000,40.0,Regular,0.05,1,21
0.01,0.001,4000,40.0,Regular,0.1,1,22
0.01,0.001,4000,40.0,Regular,0.25,1,23
0.01,0.001,4000,10000.0,ErdosRenyi,0.03,1,24
0.01,0.001,4000,10000.0,ErdosRenyi,0.05,1,25
0.01,0.001,4000,10000.0,ErdosRenyi,0.1,1,26
0.01,0.001,4000,10000.0,ErdosRenyi,0.25,1,27
0.01,0.001,4000,10000.0,Regular,0.03,1,28
0.01,0.001,4000,10000.0,Regular,0.05,1,29
0.01,0.001,4000,10000.0,Regular,0.1,1,30
0.01,0.001,4000,10000.0,Regular,0.25,1,31
0.001,0.01,4000,40.0,ErdosRenyi,0.03,1,32
0.001,0.01,4000,40.0,ErdosRenyi,0.05,1,33
0.001,0.01,4000,40.0,ErdosRenyi,0.1,1,34
0.001,0.01,4000,40.0,ErdosRenyi,0.25,1,35
0.001,0.01,4000,40.0,Regular,0.03,1,36
0.001,0.01,4000,40.0,Regular,0.05,1,37
0.001,0.01,4000,40.0,Regular,0.1,1,38
0.001,0.01,4000,40.0,Regular,0.25,1,39
0.001,0.01,4000,10000.0,ErdosRenyi,0.03,1,40
0.001,0.01,4000,10000.0,ErdosRenyi,0.05,1,41
0.001,0.01,4000,10000.0,ErdosRenyi,0.1,1,42
0.001,0.01,4000,10000.0,ErdosRenyi,0.25,1,43
0.001,0.01,4000,10000.0,Regular,0.03,1,44
0.001,0.01,4000,10000.0,Regular,0.05,1,45
0.001,0.01,4000,10000.0,Regular,0.1,1,46
0.001,0.01,4000,10000.0,Regular,0.25,1,47
0.001,0.001,4000,40.0,ErdosRenyi,0.03,1,48
0.001,0.001,4000,40.0,ErdosRenyi,0.05,1,49
0.001,0.001,4000,40.0,ErdosRenyi,0.1,1,50
0.001,0.001,4000,40.0,ErdosRenyi,0.25,1,51
0.001,0.001,4000,40.0,Regular,0.03,1,52
0.001,0.001,4000,40.0,Regular,0.05,1,53
0.001,0.001,4000,40.0,Regular,0.1,1,54
0.001,0.001,4000,40.0,Regular,0.25,1,55
0.001,0.001,4000,10000.0,ErdosRenyi,0.03,1,56
0.001,0.001,4000,10000.0,ErdosRenyi,0.05,1,57
0.001,0.001,4000,10000.0,ErdosRenyi,0.1,1,58
0.001,0.001,4000,10000.0,ErdosRenyi,0.25,1,59
0.001,0.001,4000,10000.0,Regular,0.03,1,60
0.001,0.001,4000,10000.0,Regular,0.05,1,61
0.001,0.001,4000,10000.0,Regular,0.1,1,62
0.001,0.001,4000,10000.0,Regular,0.25,1,63
0.0001,0.01,4000,40.0,ErdosRenyi,0.03,1,64
0.0001,0.01,4000,40.0,ErdosRenyi,0.05,1,65
0.0001,0.01,4000,40.0,ErdosRenyi,0.1,1,66
0.0001,0.01,4000,40.0,ErdosRenyi,0.25,1,67
0.0001,0.01,4000,40.0,Regular,0.03,1,68
0.0001,0.01,4000,40.0,Regular,0.05,1,69
0.0001,0.01,4000,40.0,Regular,0.1,1,70
0.0001,0.01,4000,40.0,Regular,0.25,1,71
0.0001,0.01,4000,10000.0,ErdosRenyi,0.03,1,72
0.0001,0.01,4000,10000.0,ErdosRenyi,0.05,1,73
0.0001,0.01,4000,10000.0,ErdosRenyi,0.1,1,74
0.0001,0.01,4000,10000.0,ErdosRenyi,0.25,1,75
0.0001,0.01,4000,10000.0,Regular,0.03,1,76
0.0001,0.01,4000,10000.0,Regular,0.05,1,77
0.0001,0.01,4000,10000.0,Regular,0.1,1,78
0.0001,0.01,4000,10000.0,Regular,0.25,1,79
0.0001,0.001,4000,40.0,ErdosRenyi,0.03,1,80
0.0001,0.001,4000,40.0,ErdosRenyi,0.05,1,81
0.0001,0.001,4000,40.0,ErdosRenyi,0.1,1,82
0.0001,0.001,4000,40.0,ErdosRenyi,0.25,1,83
0.0001,0.001,4000,40.0,Regular,0.03,1,84
0.0001,0.001,4000,40.0,Regular,0.05,1,85
0.0001,0.001,4000,40.0,Regular,0.1,1,86
0.0001,0.001,4000,40.0,Regular,0.25,1,87
0.0001,0.001,4000,10000.0,ErdosRenyi,0.03,1,88
0.0001,0.001,4000,10000.0,ErdosRenyi,0.05,1,89
0.0001,0.001,4000,10000.0,ErdosRenyi,0.1,1,90
0.0001,0.001,4000,10000.0,ErdosRenyi,0.25,1,91
0.0001,0.001,4000,10000.0,Regular,0.03,1,92
0.0001,0.001,4000,10000.0,Regular,0.05,1,93
0.0001,0.001,4000,10000.0,Regular,0.1,1,94
0.0001,0.001,4000,10000.0,Regular,0.25,1,95
